362 361 360 359 358 357 356 355 354 353 352 351 350 349 348 347 346 345 344 343 
363 290 289 288 287 286 285 284 283 282 281 280 279 278 277 276 275 274 273 342 
364 291 226 225 224 223 222 221 220 219 218 217 216 215 214 213 212 211 272 341 
365 292 227 170 169 168 167 166 165 164 163 162 161 160 159 158 157 210 271 340 
366 293 228 171 122 121 120 119 118 117 116 115 114 113 112 111 156 209 270 339 
367 294 229 172 123 82 81 80 79 78 77 76 75 74 73 110 155 208 269 338 
368 295 230 173 124 83 50 49 48 47 46 45 44 43 72 109 154 207 268 337 
369 296 231 174 125 84 51 26 25 24 23 22 21 42 71 108 153 206 267 336 
370 297 232 175 126 85 52 27 10 9 8 7 20 41 70 107 152 205 266 335 
371 298 233 176 127 86 53 28 11 2 1 6 19 40 69 106 151 204 265 334 
372 299 234 177 128 87 54 29 12 3 4 5 18 39 68 105 150 203 264 333 
373 300 235 178 129 88 55 30 13 14 15 16 17 38 67 104 149 202 263 332 
374 301 236 179 130 89 56 31 32 33 34 35 36 37 66 103 148 201 262 331 
375 302 237 180 131 90 57 58 59 60 61 62 63 64 65 102 147 200 261 330 
376 303 238 181 132 91 92 93 94 95 96 97 98 99 100 101 146 199 260 329 
377 304 239 182 133 134 135 136 137 138 139 140 141 142 143 144 145 198 259 328 
378 305 240 183 184 185 186 187 188 189 190 191 192 193 194 195 196 197 258 327 
379 306 241 242 243 244 245 246 247 248 249 250 251 252 253 254 255 256 257 326 
380 307 308 309 310 311 312 313 314 315 316 317 318 319 320 321 322 323 324 325 
381 382 383 384 385 386 387 388 389 390 391 392 393 394 395 396 397 398 399 400 
